# Created by Octave 3.8.1, Thu Aug 04 11:17:36 2016 UTC <root@vnode4.localdomain>
# name: A
# type: matrix
# rows: 7
# columns: 7
 10.07381098007554 0.9302772089672803 0.7456937713676463 0.7997062313442508 0.1384224283989727 0.6492019892907502 0.295663859065031
 0.3363110702833568 10.68945536527241 0.138952226571237 0.9085460675559874 0.1007412370096537 0.5343111763284769 0.1602002082196529
 0.878868424654509 0.6609430802788274 10.96317996067563 0.71929351135094 0.05597365632454413 0.6995300526144087 0.457031560922054
 0.6382619881667217 0.08308494711360742 0.4836598292632727 10.56472454179082 0.7217962516411958 0.6089425791354325 0.8329857220828017
 0.3993991830612479 0.7564838484917349 0.9880844368429033 0.8582820635464814 10.2337011542025 0.2185347898230547 0.8990550489649506
 0.1614713396623296 0.1359193208461505 0.3857151883729395 0.4286296393916983 0.04983640066347245 10.59313627801273 0.2573241830419351
 0.8986561442776578 0.6472342131718163 0.3530275854807305 0.6003646388367976 0.3961906640139957 0.1318852021413787 10.23580527339199


