# Created by Octave 3.8.1, Wed Jul 27 14:23:59 2016 UTC <root@4e293efd3f3c>
# name: L
# type: matrix
# rows: 7
# columns: 7
 1 0 0 0 0 0 0
 0.03338469134953284 1 0 0 0 0 0
 0.08724289411353622 0.05439682261090727 1 0 0 0 0
 0.06335854319969934 0.00226525014300893 0.04004394312627875 1 0 0 0
 0.03964727786248903 0.06751491790963585 0.08729583079020777 0.06812802938784882 1 0 0
 0.0160288236479417 0.01135330727670744 0.03419669766300684 0.03673048228038976 0.001876039211834781 1 0
 0.08920716758087505 0.05293917527601578 0.0257501221698993 0.04451296850979412 0.03403161935907978 0.0004337672652124219 1


