# Created by Octave 3.8.1, Wed Jul 27 14:24:04 2016 UTC <root@4e293efd3f3c>
# name: U
# type: matrix
# rows: 7
# columns: 7
 10.07381098007554 0.9302772089672803 0.7456937713676463 0.7997062313442508 0.1384224283989727 0.6492019892907502 0.295663859065031
 0 10.65839834778153 0.114057470172859 0.8818481218522615 0.09612004696170118 0.5126377682925025 0.1503295615415551
 0 0 10.89191911396664 0.6015550894336792 0.03866865791686627 0.61500592645896 0.4230595396800926
 0 0 0 10.48797007561238 0.7112598267431536 0.5420215717322404 0.7969713844888804
 0 0 0 0 10.16989120164413 0.06757068646215805 0.7859558698900043
 0 0 0 0 0 10.53584354898788 0.205663434962435
 0 0 0 0 0 0 10.12826565692542


